# chessme evaluation parameters (centipawns)
mat_mg 100 329 329 467 952 0
mat_eg 100 327 315 511 929 0
pst_mg 0 0 0 0 0 0 0 0 50 50 50 50 50 50 50 50 10 10 20 30 30 20 10 10 5 5 10 25 25 10 5 5 0 0 0 20 20 0 0 0 5 -5 -10 0 0 -10 -5 5 5 10 10 -20 -20 10 10 5 0 0 0 0 0 0 0 0 -50 -40 -30 -30 -30 -30 -40 -50 -40 -20 0 0 0 0 -20 -40 -30 0 10 15 15 10 0 -30 -30 5 15 20 20 15 5 -30 -30 0 15 20 20 15 0 -30 -30 5 10 15 15 10 5 -30 -40 -20 0 5 5 0 -20 -40 -50 -40 -30 -30 -30 -30 -40 -50 -20 -10 -10 -10 -10 -10 -10 -20 -10 0 0 0 0 0 0 -10 -10 0 5 10 10 5 0 -10 -10 5 5 10 10 5 5 -10 -10 0 10 10 10 10 0 -10 -10 10 10 10 10 10 10 -10 -10 5 0 0 0 0 5 -10 -20 -10 -10 -10 -10 -10 -10 -20 0 0 0 0 0 0 0 0 5 10 10 10 10 10 10 5 -5 0 0 0 0 0 0 -5 -5 0 0 0 0 0 0 -5 -5 0 0 0 0 0 0 -5 -5 0 0 0 0 0 0 -5 -5 0 0 0 0 0 0 -5 0 0 0 5 5 0 0 0 -20 -10 -10 -5 -5 -10 -10 -20 -10 0 0 0 0 0 0 -10 -10 0 5 5 5 5 0 -10 -5 0 5 5 5 5 0 -5 0 0 5 5 5 5 0 -5 -10 5 5 5 5 5 0 -10 -10 0 5 0 0 0 0 -10 -20 -10 -10 -5 -5 -10 -10 -20 -30 -40 -40 -50 -50 -40 -40 -30 -30 -40 -40 -50 -50 -40 -40 -30 -30 -40 -40 -50 -50 -40 -40 -30 -30 -40 -40 -50 -50 -40 -40 -30 -20 -30 -30 -40 -40 -30 -30 -20 -10 -20 -20 -20 -20 -20 -20 -10 20 20 0 0 0 0 20 20 20 30 10 0 0 10 30 20
pst_eg 0 0 0 0 0 0 0 0 50 50 50 50 50 50 50 50 10 10 20 30 30 20 10 10 5 5 10 25 25 10 5 5 0 0 0 20 20 0 0 0 5 -5 -10 0 0 -10 -5 5 5 10 10 -20 -20 10 10 5 0 0 0 0 0 0 0 0 -50 -40 -30 -30 -30 -30 -40 -50 -40 -20 0 0 0 0 -20 -40 -30 0 10 15 15 10 0 -30 -30 5 15 20 20 15 5 -30 -30 0 15 20 20 15 0 -30 -30 5 10 15 15 10 5 -30 -40 -20 0 5 5 0 -20 -40 -50 -40 -30 -30 -30 -30 -40 -50 -20 -10 -10 -10 -10 -10 -10 -20 -10 0 0 0 0 0 0 -10 -10 0 5 10 10 5 0 -10 -10 5 5 10 10 5 5 -10 -10 0 10 10 10 10 0 -10 -10 10 10 10 10 10 10 -10 -10 5 0 0 0 0 5 -10 -20 -10 -10 -10 -10 -10 -10 -20 0 0 0 0 0 0 0 0 5 10 10 10 10 10 10 5 -5 0 0 0 0 0 0 -5 -5 0 0 0 0 0 0 -5 -5 0 0 0 0 0 0 -5 -5 0 0 0 0 0 0 -5 -5 0 0 0 0 0 0 -5 0 0 0 5 5 0 0 0 -20 -10 -10 -5 -5 -10 -10 -20 -10 0 0 0 0 0 0 -10 -10 0 5 5 5 5 0 -10 -5 0 5 5 5 5 0 -5 0 0 5 5 5 5 0 -5 -10 5 5 5 5 5 0 -10 -10 0 5 0 0 0 0 -10 -20 -10 -10 -5 -5 -10 -10 -20 -50 -40 -30 -20 -20 -30 -40 -50 -30 -20 -10 0 0 -10 -20 -30 -30 -10 20 30 30 20 -10 -30 -30 -10 30 40 40 30 -10 -30 -30 -10 30 40 40 30 -10 -30 -30 -10 20 30 30 20 -10 -30 -30 -30 0 0 0 0 -30 -30 -50 -30 -30 -30 -30 -30 -30 -50
bishop_pair_mg 43
bishop_pair_eg 24
tempo 5
passed_mg 0 -24 -5 -4 5 29 66 0
passed_eg 0 31 25 32 51 95 101 0
doubled_mg -31
doubled_eg -2
isolated_mg -11
isolated_eg -12
rook_open_mg 39
rook_open_eg -5
rook_semi_mg 16
rook_semi_eg 20
mob_mg 0 5 5 6 4 0
mob_eg 0 -9 1 2 5 0
