# chessme evaluation parameters (centipawns)
mat_mg 100 326 325 469 947 0
mat_eg 100 323 309 510 928 0
pst_mg 0 0 0 0 0 0 0 0 44 54 52 50 49 51 50 55 8 13 24 31 23 8 7 3 -9 -18 6 21 9 -10 -24 -31 -4 -2 -15 14 3 11 -25 -11 -2 18 -7 8 1 -12 -11 3 -19 7 -27 -4 -12 23 -10 -16 0 0 0 0 0 0 0 0 -55 -40 -33 -31 -30 -29 -40 -51 -36 -25 -3 0 0 1 -20 -53 -30 8 23 5 30 4 9 -27 -28 -3 13 34 28 14 -6 -28 -6 1 23 31 27 12 4 -24 -36 -29 0 12 16 -10 11 -34 -42 -24 -10 19 0 2 -24 -39 -51 -29 -30 -33 -28 -18 -44 -50 -21 -8 -10 -15 -10 -10 -10 -20 -10 -3 -5 2 -3 8 -3 -13 -18 -6 12 8 17 17 1 -9 -13 7 9 11 18 -17 -13 -3 10 -4 9 1 6 -4 2 -7 -3 30 -19 18 29 18 9 -6 -11 -1 8 8 -4 -12 13 -21 -16 -6 -13 -3 -17 -19 -10 -17 1 5 -6 2 1 3 1 5 12 5 26 17 18 7 11 5 -1 -1 4 -1 2 4 2 2 -10 0 7 2 -4 0 -5 -1 -2 -2 3 -6 -5 -3 7 -1 -4 -1 13 -16 -1 6 -1 -1 -1 -31 -21 -9 3 1 -3 -14 -3 3 -3 -8 3 9 -5 -21 -24 -16 -2 -3 -2 -9 -8 -16 -20 -11 -2 8 1 -7 -5 -1 -17 2 3 6 16 10 5 5 -3 -15 1 1 8 6 6 -1 -7 -10 6 -2 2 1 12 6 -19 -2 14 10 1 -3 24 -8 -11 -6 15 8 2 3 -9 -11 -24 -8 -11 14 4 -11 -12 -18 -30 -39 -39 -50 -49 -40 -40 -30 -30 -38 -38 -48 -48 -39 -37 -28 -30 -38 -39 -51 -50 -39 -41 -29 -29 -39 -41 -61 -59 -43 -40 -30 -22 -30 -34 -51 -41 -32 -24 -21 -9 -18 -22 -32 -30 -28 -21 -9 35 22 -7 -29 -27 -7 38 37 15 59 26 -10 13 -4 48 38
pst_eg 0 0 0 0 0 0 0 0 40 55 36 48 49 53 25 69 49 18 7 25 31 8 -1 23 28 16 17 6 -10 15 0 2 9 8 4 20 -11 16 19 1 23 -17 -2 16 4 9 -8 7 17 11 5 -29 3 2 23 21 0 0 0 0 0 0 0 0 -54 -41 -32 -31 -30 -29 -42 -48 -31 -26 -11 -1 3 7 -24 -48 -33 9 25 15 19 3 7 -26 -29 5 22 18 27 7 6 -27 -21 -3 30 16 22 17 3 -26 -39 -4 6 1 7 11 14 -37 -43 -24 1 -1 12 4 -18 -42 -52 -29 -35 -34 -35 -27 -35 -51 -18 -6 -13 -19 -14 -10 -5 -17 -12 -1 1 10 5 4 6 -14 -21 -3 14 12 11 18 7 -10 -24 2 1 8 4 -3 0 -11 -7 -4 21 -9 -15 16 5 -8 -2 8 9 15 -6 12 6 -10 -9 8 -6 9 24 3 -14 -24 -17 -10 -21 -6 -11 6 -5 -20 11 11 -5 9 5 4 5 4 18 10 26 29 20 6 15 7 2 -1 -1 4 3 2 -2 -6 6 3 -1 2 -4 0 2 2 -3 7 2 -14 2 4 2 -9 -8 0 3 -5 4 3 1 -6 -9 1 -1 -4 -3 -16 -10 -17 -10 -7 -10 0 -8 -14 -3 -17 -22 -16 -6 -3 -2 -10 -11 -20 -14 -1 2 4 1 -1 0 -8 -11 2 2 9 10 13 5 -5 -7 -4 3 8 10 9 4 -7 -1 2 2 13 0 0 4 -4 -9 6 10 5 1 5 2 -11 -8 -6 15 3 -3 1 -6 -10 -21 -11 -11 -12 -7 -12 -9 -18 -50 -37 -25 -22 -18 -29 -38 -49 -33 -15 1 11 4 -7 -6 -18 -31 1 24 21 28 19 2 -19 -25 1 11 7 16 27 2 -22 -29 -1 12 8 17 20 14 -19 -31 -5 1 10 10 21 -7 -12 -22 -31 7 0 8 -14 -9 -26 -51 -24 -27 -33 -35 -38 -43 -44
bishop_pair_mg 39
bishop_pair_eg 28
tempo 5
passed_mg 0 -16 -5 -1 10 29 65 0
passed_eg 0 21 14 28 54 88 96 0
doubled_mg -28
doubled_eg -4
isolated_mg -12
isolated_eg -10
rook_open_mg 37
rook_open_eg -8
rook_semi_mg 12
rook_semi_eg 21
mob_mg 0 7 6 6 5 0
mob_eg 0 -9 2 2 4 0
