# chessme evaluation parameters (centipawns)
mat_mg 100 327 323 468 947 0
mat_eg 100 323 311 512 928 0
pst_mg 0 0 0 0 0 0 0 0 44 54 52 50 49 51 50 55 7 13 24 31 24 8 7 3 -10 -17 4 22 8 -10 -23 -30 -6 -4 -15 11 -1 11 -23 -10 -2 19 -5 8 -2 -12 -10 3 -20 6 -27 -2 -11 21 -10 -15 0 0 0 0 0 0 0 0 -55 -40 -33 -31 -30 -29 -41 -51 -36 -25 -3 -1 0 1 -20 -52 -30 8 23 5 30 4 9 -27 -28 -3 14 33 26 15 -6 -28 -6 1 22 30 26 11 4 -23 -34 -27 -3 11 16 -12 12 -34 -42 -24 -11 17 -2 1 -23 -39 -50 -24 -29 -33 -25 -18 -43 -50 -21 -8 -10 -15 -10 -10 -10 -20 -10 -3 -5 2 -3 8 -3 -13 -17 -6 12 8 17 17 1 -9 -13 5 8 11 17 -16 -13 -3 10 -4 9 1 5 -4 2 -4 -4 29 -20 15 28 16 9 -7 -9 1 7 8 -5 -10 12 -20 -16 -5 -14 -3 -18 -19 -9 -17 1 5 -6 2 1 3 1 5 12 6 25 17 18 7 11 5 0 -1 3 -1 2 3 2 2 -10 -1 7 2 -3 0 -5 -1 -3 -3 3 -6 -4 -3 7 -1 -4 -1 13 -15 -1 5 -1 -1 0 -30 -21 -8 3 1 -2 -14 -3 4 -3 -8 3 7 -5 -22 -24 -16 -3 -3 -3 -9 -8 -16 -20 -12 -3 8 1 -6 -4 -1 -17 1 2 6 16 10 5 5 -3 -15 2 1 9 7 7 -1 -6 -10 6 -3 2 1 13 7 -18 -3 14 9 1 -4 24 -8 -11 -6 14 7 2 3 -10 -11 -23 -8 -11 11 6 -10 -12 -17 -30 -39 -39 -50 -49 -40 -40 -30 -30 -38 -38 -48 -48 -39 -37 -28 -30 -38 -39 -51 -50 -39 -41 -29 -29 -39 -41 -61 -59 -43 -40 -30 -22 -30 -33 -50 -41 -31 -24 -21 -9 -18 -22 -32 -29 -28 -21 -9 35 21 -6 -29 -27 -8 37 36 16 60 26 -11 13 -5 47 38
pst_eg 0 0 0 0 0 0 0 0 40 56 37 48 49 53 26 69 49 18 7 25 31 8 0 23 28 16 17 6 -9 15 0 2 10 9 4 21 -9 17 19 2 23 -17 -2 16 4 9 -8 7 17 12 5 -29 2 3 24 21 0 0 0 0 0 0 0 0 -54 -41 -32 -31 -30 -29 -42 -48 -31 -26 -11 -1 2 6 -24 -47 -33 9 25 14 19 3 7 -26 -29 4 22 18 27 7 6 -27 -21 -3 31 16 22 17 3 -27 -39 -5 7 1 7 13 13 -37 -43 -24 0 -1 11 4 -18 -42 -52 -30 -35 -34 -35 -27 -35 -51 -18 -6 -13 -19 -13 -10 -5 -17 -12 0 1 10 5 4 6 -14 -20 -3 14 12 11 18 7 -10 -24 3 1 8 4 -3 0 -11 -7 -4 21 -8 -15 16 5 -9 -2 8 9 15 -6 12 6 -10 -10 7 -5 9 24 3 -14 -23 -17 -10 -21 -6 -11 5 -5 -20 11 11 -5 9 5 4 5 4 18 10 26 29 19 6 15 7 2 -1 -1 4 3 1 -2 -6 6 3 -1 2 -4 0 2 2 -3 7 2 -14 2 4 2 -9 -9 0 4 -5 4 3 0 -6 -8 1 -1 -3 -3 -17 -9 -17 -11 -7 -10 0 -8 -13 -3 -17 -22 -16 -6 -3 -3 -10 -11 -20 -14 -1 2 4 1 -1 0 -8 -11 2 2 9 10 13 5 -5 -7 -3 3 8 10 10 4 -6 -1 2 2 13 0 0 4 -4 -9 6 10 5 1 5 2 -11 -8 -6 15 2 -3 0 -6 -10 -21 -11 -12 -12 -7 -12 -9 -18 -50 -37 -25 -22 -18 -29 -38 -49 -33 -15 1 11 4 -7 -6 -18 -31 1 25 22 28 19 2 -19 -25 1 12 8 16 27 1 -22 -29 -1 12 8 17 21 14 -19 -31 -4 1 10 10 20 -7 -12 -23 -31 7 -1 8 -14 -9 -25 -51 -25 -27 -33 -35 -38 -43 -44
bishop_pair_mg 38
bishop_pair_eg 30
tempo 5
passed_mg 0 -17 -6 -1 9 29 65 0
passed_eg 0 22 15 28 55 90 98 0
doubled_mg -28
doubled_eg -3
isolated_mg -12
isolated_eg -11
rook_open_mg 37
rook_open_eg -7
rook_semi_mg 13
rook_semi_eg 21
mob_mg 0 7 6 6 4 0
mob_eg 0 -8 2 2 5 0
